33 198 665 0 2068 67 0 0 0;
36 643 419 0 1863 72 0 0 0;
38 1060 8 0 1853 77 0 0 0;
40 121 2382 0 404 91 0 0 0;
47 1826 801 0 261 110 0 0 0;
49 1084 418 0 1371 125 0 0 0;
50 920 1296 0 648 133 0 0 0;
52 98 1938 0 820 141 0 0 0;
59 269 79 0 2490 160 0 0 0;
60 374 2 0 2461 162 0 0 0;
61 521 630 0 1682 164 0 0 0;
64 8 638 0 2185 167 0 0 0;
65 8 638 0 2185 167 0 0 0;
66 8 638 0 2185 167 0 0 0;
67 14 1795 0 1020 168 0 0 0;
68 14 1795 0 1020 168 0 0 0;
69 14 1795 0 1020 168 0 0 0;
70 14 1795 0 1020 168 0 0 0;
71 14 1795 0 1020 168 0 0 0;
72 14 1795 0 1020 168 0 0 0;
73 14 1795 0 1020 168 0 0 0;
74 14 1795 0 1020 168 0 0 0;
75 14 1795 0 1020 168 0 0 0;
76 14 1795 0 1020 168 0 0 0;
77 14 1795 0 1020 168 0 0 0;
78 14 1795 0 1020 168 0 0 0;
79 14 1795 0 1020 168 0 0 0;
80 14 1795 0 1020 168 0 0 0;
81 14 1795 0 1020 168 0 0 0;
82 14 1795 0 1020 168 0 0 0;
83 14 1795 0 1020 168 0 0 0;
84 14 1795 0 1020 168 0 0 0;
85 14 1795 0 1020 168 0 0 0;
86 14 1795 0 1020 168 0 0 0;
87 14 1795 0 1020 168 0 0 0;
88 14 1795 0 1020 168 0 0 0;
89 14 1795 0 1020 168 0 0 0;
90 14 1795 0 1020 168 0 0 0;
91 14 1795 0 1020 168 0 0 0;
92 14 1795 0 1020 168 0 0 0;
93 380 1223 0 1220 176 0 0 0;
94 380 1223 0 1220 176 0 0 0;
95 380 1223 0 1220 176 0 0 0;
96 380 1223 0 1220 176 0 0 0;
97 380 1223 0 1220 176 0 0 0;
98 380 1223 0 1220 176 0 0 0;
99 380 1223 0 1220 176 0 0 0;
100 380 1223 0 1220 176 0 0 0;
101 380 1223 0 1220 176 0 0 0;
102 380 1223 0 1220 176 0 0 0;
103 380 1223 0 1220 176 0 0 0;
104 380 1223 0 1220 176 0 0 0;
105 380 1223 0 1220 176 0 0 0;
106 380 1223 0 1220 176 0 0 0;
107 380 1223 0 1220 176 0 0 0;
108 1 50 0 2760 188 0 0 0;
109 1 50 0 2760 188 0 0 0;
110 1 50 0 2760 188 0 0 0;
111 1 50 0 2760 188 0 0 0;
112 1 50 0 2760 188 0 0 0;
113 1 50 0 2760 188 0 0 0;
114 392 231 0 2187 188 0 0 0;
115 392 231 0 2187 188 0 0 0;
116 392 231 0 2187 188 0 0 0;
117 42 2308 0 424 224 0 0 0;
118 197 524 0 2044 233 0 0 0;
119 197 524 0 2044 233 0 0 0;
120 197 524 0 2044 233 0 0 0;
121 287 393 0 2085 233 0 0 0;
122 287 393 0 2085 233 0 0 0;
1 396 812 0 1534 255 0 0 0;
2 396 812 0 1534 255 0 0 0;
3 396 812 0 1534 255 0 0 0;
4 396 812 0 1534 255 0 0 0;
5 1470 428 0 838 261 0 0 0;
6 1470 428 0 838 261 0 0 0;
7 1470 721 0 510 296 0 0 0;
8 1470 721 0 510 296 0 0 0;
9 1209 156 0 1305 329 0 0 0;
10 1209 156 0 1305 329 0 0 0;
11 102 738 0 1815 342 0 0 0;
12 700 68 0 1881 348 0 0 0;
13 1060 599 0 985 354 0 0 0;
14 444 355 0 1844 355 0 0 0;
15 24 1541 0 1073 359 0 0 0;
16 24 1541 0 1073 359 0 0 0;
17 598 871 0 1138 391 0 0 0;
18 1374 847 0 356 421 0 0 0;
19 1374 847 0 356 421 0 0 0;
20 1374 847 0 356 421 0 0 0;
21 960 975 0 640 423 0 0 0;
22 960 975 0 640 423 0 0 0;
23 275 891 0 1387 445 0 0 0;
24 275 891 0 1387 445 0 0 0;
25 336 1329 0 882 451 0 0 0;
26 1375 523 0 612 487 0 0 0;
27 1375 523 0 612 487 0 0 0;
28 718 511 0 1255 514 0 0 0;
29 1009 309 0 1162 517 0 0 0;
30 1009 309 0 1162 517 0 0 0;
31 805 154 0 1515 525 0 0 0;
32 103 301 0 1997 597 0 0 0;
33 1063 534 0 775 626 0 0 0;
34 1063 534 0 775 626 0 0 0;
35 24 191 0 2052 732 0 0 0;
36 1010 664 0 473 852 0 0 0;
37 1010 664 0 473 852 0 0 0;
38 255 457 0 1428 858 0 0 0;
39 365 79 0 1658 896 0 0 0;
40 787 1309 0 1 901 0 0 0;
41 787 1309 0 1 901 0 0 0;
42 787 1309 0 1 901 0 0 0;
43 787 1309 0 1 901 0 0 0;
44 1060 806 0 230 902 0 0 0;
45 1060 806 0 230 902 0 0 0;
46 161 771 0 1164 902 0 0 0;
47 367 780 0 919 932 0 0 0;
48 578 553 0 885 982 0 0 0;
49 509 933 0 573 983 0 0 0;
50 509 933 0 573 983 0 0 0;
51 503 250 0 1260 986 0 0 0;
52 787 468 0 747 996 0 0 0;
53 787 468 0 747 996 0 0 0;
54 787 468 0 747 996 0 0 0;
55 925 968 0 60 1044 0 0 0;
56 818 255 0 846 1079 0 0 0;
57 945 417 0 535 1100 0 0 0;
58 138 151 0 1607 1102 0 0 0;
59 680 718 0 461 1139 0 0 0;
60 678 914 0 194 1212 0 0 0;
61 486 102 0 1123 1288 0 0 0;
62 649 998 0 13 1339 0 0 0;
63 649 998 0 13 1339 0 0 0;
64 649 998 0 13 1339 0 0 0;
65 649 998 0 13 1339 0 0 0;
66 649 998 0 13 1339 0 0 0;
67 811 585 0 249 1353 0 0 0;
68 811 585 0 249 1353 0 0 0;
69 755 748 0 19 1476 0 0 0;
70 755 748 0 19 1476 0 0 0;
71 687 313 0 494 1503 0 0 0;
72 396 812 0 1534 255 0 0 0;
73 396 812 0 1534 255 0 0 0;
74 1470 428 0 838 261 0 0 0;
75 1470 428 0 838 261 0 0 0;
76 1470 721 0 510 296 0 0 0;
77 1470 721 0 510 296 0 0 0;
78 1209 156 0 1305 329 0 0 0;
79 1209 156 0 1305 329 0 0 0;
80 102 738 0 1815 342 0 0 0;
81 700 68 0 1881 348 0 0 0;
82 1060 599 0 985 354 0 0 0;
83 444 355 0 1844 355 0 0 0;
84 24 1541 0 1073 359 0 0 0;
85 24 1541 0 1073 359 0 0 0;
86 598 871 0 1138 391 0 0 0;
87 1374 847 0 356 421 0 0 0;
88 1374 847 0 356 421 0 0 0;
89 1374 847 0 356 421 0 0 0;
90 960 975 0 640 423 0 0 0;
91 960 975 0 640 423 0 0 0;
92 275 891 0 1387 445 0 0 0;
93 275 891 0 1387 445 0 0 0;
94 336 1329 0 882 451 0 0 0;
95 1375 523 0 612 487 0 0 0;
96 1375 523 0 612 487 0 0 0;
97 718 511 0 1255 514 0 0 0;
98 1009 309 0 1162 517 0 0 0;
99 1009 309 0 1162 517 0 0 0;
1 805 154 0 1515 525 0 0 0;
2 103 301 0 1997 597 0 0 0;
3 1063 534 0 775 626 0 0 0;
4 1063 534 0 775 626 0 0 0;
5 24 191 0 2052 732 0 0 0;
6 1010 664 0 473 852 0 0 0;
7 1010 664 0 473 852 0 0 0;
8 255 457 0 1428 858 0 0 0;
9 365 79 0 1658 896 0 0 0;
10 787 1309 0 1 901 0 0 0;
11 787 1309 0 1 901 0 0 0;
12 787 1309 0 1 901 0 0 0;
13 787 1309 0 1 901 0 0 0;
14 1060 806 0 230 902 0 0 0;
15 1060 806 0 230 902 0 0 0;
16 161 771 0 1164 902 0 0 0;
17 367 780 0 919 932 0 0 0;
18 578 553 0 885 982 0 0 0;
19 509 933 0 573 983 0 0 0;
20 509 933 0 573 983 0 0 0;
21 503 250 0 1260 986 0 0 0;
22 787 468 0 747 996 0 0 0;
23 787 468 0 747 996 0 0 0;
24 787 468 0 747 996 0 0 0;
25 925 968 0 60 1044 0 0 0;
26 818 255 0 846 1079 0 0 0;
27 945 417 0 535 1100 0 0 0;
28 138 151 0 1607 1102 0 0 0;
29 680 718 0 461 1139 0 0 0;
30 678 914 0 194 1212 0 0 0;
31 486 102 0 1123 1288 0 0 0;
32 649 998 0 13 1339 0 0 0;
33 649 998 0 13 1339 0 0 0;
34 649 998 0 13 1339 0 0 0;
35 649 998 0 13 1339 0 0 0;
36 649 998 0 13 1339 0 0 0;
37 811 585 0 249 1353 0 0 0;
38 811 585 0 249 1353 0 0 0;
39 755 748 0 19 1476 0 0 0;
40 755 748 0 19 1476 0 0 0;
41 687 313 0 494 1503 0 0 0;
42 77 238 0 1172 1511 0 0 0;
43 636 156 0 645 1561 0 0 0;
44 636 156 0 645 1561 0 0 0;
45 126 1023 0 164 1684 0 0 0;
46 552 742 0 11 1693 0 0 0;
47 552 742 0 11 1693 0 0 0;
48 552 742 0 11 1693 0 0 0;
49 386 54 0 824 1733 0 0 0;
50 386 54 0 824 1733 0 0 0;
51 633 518 0 23 1824 0 0 0;
52 633 518 0 23 1824 0 0 0;
53 633 518 0 23 1824 0 0 0;
54 622 287 0 229 1859 0 0 0;
55 622 287 0 229 1859 0 0 0;
56 135 119 0 820 1925 0 0 0;
57 403 136 0 526 1932 0 0 0;
58 59 451 0 509 1979 0 0 0;
59 522 374 0 22 2079 0 0 0;
60 522 374 0 22 2079 0 0 0;
61 522 374 0 22 2079 0 0 0;
62 522 374 0 22 2079 0 0 0;
63 522 374 0 22 2079 0 0 0;
64 517 96 0 304 2081 0 0 0;
65 517 96 0 304 2081 0 0 0;
66 86 189 0 631 2092 0 0 0;
67 374 425 0 83 2116 0 0 0;
68 374 425 0 83 2116 0 0 0;
69 518 274 0 18 2188 0 0 0;
70 518 274 0 18 2188 0 0 0;
71 518 274 0 18 2188 0 0 0;
72 518 274 0 18 2188 0 0 0;
73 518 274 0 18 2188 0 0 0;
74 518 274 0 18 2188 0 0 0;
75 163 441 0 171 2223 0 0 0;
76 163 441 0 171 2223 0 0 0;
77 108 127 0 441 2322 0 0 0;
78 108 127 0 441 2322 0 0 0;
79 288 141 0 228 2341 0 0 0;
80 288 141 0 228 2341 0 0 0;
81 288 141 0 228 2341 0 0 0;
82 463 137 0 49 2349 0 0 0;
83 463 137 0 49 2349 0 0 0;
84 463 137 0 49 2349 0 0 0;
85 463 137 0 49 2349 0 0 0;
86 463 137 0 49 2349 0 0 0;
87 463 137 0 49 2349 0 0 0;
88 93 193 0 338 2373 0 0 0;
89 93 193 0 338 2373 0 0 0;
90 93 193 0 338 2373 0 0 0;
91 304 222 0 82 2390 0 0 0;
92 304 222 0 82 2390 0 0 0;
93 304 222 0 82 2390 0 0 0;
94 385 174 0 31 2408 0 0 0;
95 385 174 0 31 2408 0 0 0;
96 385 174 0 31 2408 0 0 0;
97 385 174 0 31 2408 0 0 0;
98 385 174 0 31 2408 0 0 0;
99 385 174 0 31 2408 0 0 0;
100 72 11 0 493 2421 0 0 0;
101 72 11 0 493 2421 0 0 0;
102 179 218 0 171 2429 0 0 0;
103 67 50 0 358 2523 0 0 0;
104 67 50 0 358 2523 0 0 0;
105 67 50 0 358 2523 0 0 0;
106 278 91 0 83 2546 0 0 0;
107 278 91 0 83 2546 0 0 0;
108 278 91 0 83 2546 0 0 0;
109 278 91 0 83 2546 0 0 0;
110 278 91 0 83 2546 0 0 0;
111 278 91 0 83 2546 0 0 0;
112 278 91 0 83 2546 0 0 0;
113 278 91 0 83 2546 0 0 0;
114 278 91 0 83 2546 0 0 0;
115 278 91 0 83 2546 0 0 0;
116 316 67 0 67 2547 0 0 0;
117 316 67 0 67 2547 0 0 0;
118 316 67 0 67 2547 0 0 0;
119 316 67 0 67 2547 0 0 0;
120 316 67 0 67 2547 0 0 0;
121 316 67 0 67 2547 0 0 0;
122 316 67 0 67 2547 0 0 0;
123 316 67 0 67 2547 0 0 0;
124 316 67 0 67 2547 0 0 0;
125 316 67 0 67 2547 0 0 0;
126 316 67 0 67 2547 0 0 0;
127 316 67 0 67 2547 0 0 0;
128 316 67 0 67 2547 0 0 0;
129 316 67 0 67 2547 0 0 0;
130 71 19 0 293 2615 0 0 0;
131 71 19 0 293 2615 0 0 0;
132 71 19 0 293 2615 0 0 0;
133 71 19 0 293 2615 0 0 0;
134 71 19 0 293 2615 0 0 0;
135 30 13 0 333 2622 0 0 0;
136 30 13 0 333 2622 0 0 0;
137 30 13 0 333 2622 0 0 0;
138 30 13 0 333 2622 0 0 0;
139 210 35 0 105 2648 0 0 0;
140 210 35 0 105 2648 0 0 0;
141 210 35 0 105 2648 0 0 0;
142 210 35 0 105 2648 0 0 0;
143 210 35 0 105 2648 0 0 0;
144 210 35 0 105 2648 0 0 0;
145 210 35 0 105 2648 0 0 0;
146 210 35 0 105 2648 0 0 0;
147 210 35 0 105 2648 0 0 0;
148 210 35 0 105 2648 0 0 0;
149 210 35 0 105 2648 0 0 0;
150 210 35 0 105 2648 0 0 0;
151 210 35 0 105 2648 0 0 0;
152 210 35 0 105 2648 0 0 0;
33 189 93 0 66 2650 0 0 0;
34 189 93 0 66 2650 0 0 0;
35 189 93 0 66 2650 0 0 0;
36 189 93 0 66 2650 0 0 0;
37 189 93 0 66 2650 0 0 0;
38 189 93 0 66 2650 0 0 0;
39 47 78 0 189 2684 0 0 0;
40 47 78 0 189 2684 0 0 0;
41 19 61 0 215 2703 0 0 0;
42 19 61 0 215 2703 0 0 0;
43 44 45 0 192 2716 0 0 0;
44 44 45 0 192 2716 0 0 0;
45 44 28 0 152 2774 0 0 0;
46 44 28 0 152 2774 0 0 0;
47 44 28 0 152 2774 0 0 0;
48 44 28 0 152 2774 0 0 0;
49 51 6 0 158 2784 0 0 0;
50 51 6 0 158 2784 0 0 0;
51 51 6 0 158 2784 0 0 0;
52 51 6 0 158 2784 0 0 0;
53 51 6 0 158 2784 0 0 0;
54 51 6 0 158 2784 0 0 0;
55 51 6 0 158 2784 0 0 0;
56 51 6 0 158 2784 0 0 0;
57 51 6 0 158 2784 0 0 0;
58 51 6 0 158 2784 0 0 0;
59 51 6 0 158 2784 0 0 0;
60 51 6 0 158 2784 0 0 0;
61 51 6 0 158 2784 0 0 0;
62 85 27 0 58 2827 0 0 0;
63 85 27 0 58 2827 0 0 0;
64 85 27 0 58 2827 0 0 0;
65 85 27 0 58 2827 0 0 0;
66 85 27 0 58 2827 0 0 0;
67 85 27 0 58 2827 0 0 0;
68 85 27 0 58 2827 0 0 0;
69 85 27 0 58 2827 0 0 0;
70 85 27 0 58 2827 0 0 0;
71 25 5 0 93 2875 0 0 0;
72 25 5 0 93 2875 0 0 0;
73 25 5 0 93 2875 0 0 0;
74 25 5 0 93 2875 0 0 0;
75 25 5 0 93 2875 0 0 0;
76 25 5 0 93 2875 0 0 0;
77 25 5 0 93 2875 0 0 0;
78 25 5 0 93 2875 0 0 0;
79 25 5 0 93 2875 0 0 0;
