80 0 1752 312 934 0 0 0 0;
81 0 1752 312 934 0 0 0 0;
82 0 1841 132 1025 0 0 0 0;
83 0 1841 132 1025 0 0 0 0;
1 0 1752 312 934 0 0 0 0;
2 0 1752 312 934 0 0 0 0;
3 0 1841 132 1025 0 0 0 0;
4 0 1841 132 1025 0 0 0 0;
5 0 1523 409 1066 0 0 0 0;
6 0 1324 381 1294 0 0 0 0;
7 0 1492 319 1188 0 0 0 0;
8 0 1492 319 1188 0 0 0 0;
9 0 1546 338 1087 27 0 0 0;
10 0 1769 377 750 102 0 0 0;
11 0 986 249 1559 203 0 0 0;
12 0 1608 441 726 223 0 0 0;
13 0 814 214 1629 340 0 0 0;
14 0 923 140 1432 503 0 0 0;
15 0 803 91 1406 698 0 0 0;
1 0 2026 0 973 0 0 0 0;
2 0 508 848 1643 0 0 0 0;
3 0 889 264 1351 494 0 0 0;
4 0 535 248 635 1579 0 0 0;
5 0 337 190 433 2038 0 0 0;
6 0 57 17 106 2817 0 0 0;
7 0 1229 1179 590 0 0 0 0;
8 0 1460 1160 378 0 0 0 0;
9 0 1027 1417 555 0 0 0 0;
10 0 1153 1194 651 0 0 0 0;
11 0 795 1293 824 86 0 0 0;
12 0 647 1307 840 204 0 0 0;
13 0 392 1167 906 533 0 0 0;
14 0 400 806 776 1016 0 0 0;
15 0 387 735 592 1284 0 0 0;
16 0 366 659 437 1536 0 0 0;
17 0 296 438 313 1951 0 0 0;
18 385 0 68 2545 0 0 0 0;
19 265 0 1081 1652 0 0 0 0;
20 352 0 1003 1644 0 0 0 0;
21 294 0 395 2309 0 0 0 0;
22 277 0 1203 1518 0 0 0 0;
23 300 0 476 2010 213 0 0 0;
24 799 0 372 1304 523 0 0 0;
25 312 0 347 1808 531 0 0 0;
26 297 0 460 1304 936 0 0 0;
27 391 0 443 1063 1101 0 0 0;
28 514 0 208 944 1331 0 0 0;
29 152 0 236 1171 1438 0 0 0;
30 259 0 357 781 1600 0 0 0;
31 259 0 357 781 1600 0 0 0;
32 591 0 171 625 1612 0 0 0;
33 257 0 290 657 1794 0 0 0;
34 94 0 188 881 1835 0 0 0;
35 548 0 59 483 1908 0 0 0;
36 301 0 195 486 2016 0 0 0;
37 123 0 94 745 2035 0 0 0;
38 548 0 0 403 2048 0 0 0;
39 539 0 41 333 2085 0 0 0;
40 457 0 0 319 2222 0 0 0;
41 94 0 77 522 2305 0 0 0;
42 191 0 87 396 2324 0 0 0;
43 351 0 60 244 2343 0 0 0;
44 404 0 0 227 2368 0 0 0;
45 144 0 147 246 2461 0 0 0;
46 447 0 0 83 2469 0 0 0;
47 77 0 63 347 2511 0 0 0;
48 344 0 25 63 2567 0 0 0;
49 207 0 39 172 2581 0 0 0;
50 99 0 116 185 2597 0 0 0;
51 64 0 50 240 2644 0 0 0;
52 293 0 0 46 2660 0 0 0;
53 192 0 126 0 2680 0 0 0;
54 192 0 126 0 2680 0 0 0;
55 154 0 151 0 2694 0 0 0;
56 154 0 151 0 2694 0 0 0;
57 154 0 151 0 2694 0 0 0;
58 154 0 151 0 2694 0 0 0;
59 154 0 151 0 2694 0 0 0;
60 117 0 171 0 2711 0 0 0;
61 175 0 89 0 2735 0 0 0;
62 175 0 89 0 2735 0 0 0;
63 175 0 89 0 2735 0 0 0;
64 175 0 89 0 2735 0 0 0;
65 175 0 89 0 2735 0 0 0;
66 175 0 89 0 2735 0 0 0;
67 175 0 89 0 2735 0 0 0;
68 175 0 89 0 2735 0 0 0;
69 175 0 89 0 2735 0 0 0;
70 175 0 89 0 2735 0 0 0;
71 175 0 89 0 2735 0 0 0;
72 175 0 89 0 2735 0 0 0;
73 175 0 89 0 2735 0 0 0;
74 175 0 89 0 2735 0 0 0;
75 175 0 89 0 2735 0 0 0;
76 175 0 89 0 2735 0 0 0;
77 175 0 89 0 2735 0 0 0;
78 175 0 89 0 2735 0 0 0;
79 175 0 89 0 2735 0 0 0;
80 175 0 89 0 2735 0 0 0;
81 175 0 89 0 2735 0 0 0;
82 175 0 89 0 2735 0 0 0;
83 175 0 89 0 2735 0 0 0;
84 175 0 89 0 2735 0 0 0;
85 175 0 89 0 2735 0 0 0;
86 175 0 89 0 2735 0 0 0;
87 175 0 89 0 2735 0 0 0;
88 175 0 89 0 2735 0 0 0;
89 175 0 89 0 2735 0 0 0;
90 175 0 89 0 2735 0 0 0;
91 175 0 89 0 2735 0 0 0;
92 175 0 89 0 2735 0 0 0;
93 175 0 89 0 2735 0 0 0;
94 175 0 89 0 2735 0 0 0;
95 175 0 89 0 2735 0 0 0;
96 175 0 89 0 2735 0 0 0;
97 112 0 86 60 2740 0 0 0;
98 95 0 17 84 2802 0 0 0;
99 95 0 17 84 2802 0 0 0;
100 95 0 17 84 2802 0 0 0;
101 95 0 17 84 2802 0 0 0;
102 95 0 17 84 2802 0 0 0;
103 95 0 17 84 2802 0 0 0;
104 95 0 17 84 2802 0 0 0;
105 95 0 17 84 2802 0 0 0;
106 95 0 17 84 2802 0 0 0;
107 95 0 17 84 2802 0 0 0;
108 95 0 17 84 2802 0 0 0;
109 95 0 17 84 2802 0 0 0;
110 165 0 13 15 2805 0 0 0;
111 165 0 13 15 2805 0 0 0;
112 165 0 13 15 2805 0 0 0;
113 165 0 13 15 2805 0 0 0;
114 165 0 13 15 2805 0 0 0;
115 165 0 13 15 2805 0 0 0;
116 165 0 13 15 2805 0 0 0;
117 165 0 13 15 2805 0 0 0;
118 165 0 13 15 2805 0 0 0;
119 165 0 13 15 2805 0 0 0;
120 165 0 13 15 2805 0 0 0;
121 165 0 13 15 2805 0 0 0;
122 165 0 13 15 2805 0 0 0;
123 165 0 13 15 2805 0 0 0;
124 165 0 13 15 2805 0 0 0;
125 165 0 13 15 2805 0 0 0;
126 165 0 13 15 2805 0 0 0;
127 165 0 13 15 2805 0 0 0;
128 165 0 13 15 2805 0 0 0;
129 165 0 13 15 2805 0 0 0;
130 165 0 13 15 2805 0 0 0;
131 165 0 13 15 2805 0 0 0;
132 165 0 13 15 2805 0 0 0;
133 165 0 13 15 2805 0 0 0;
134 165 0 13 15 2805 0 0 0;
135 165 0 13 15 2805 0 0 0;
136 165 0 13 15 2805 0 0 0;
137 165 0 13 15 2805 0 0 0;
138 165 0 13 15 2805 0 0 0;
139 165 0 13 15 2805 0 0 0;
140 163 0 14 0 2822 0 0 0;
141 163 0 14 0 2822 0 0 0;
142 163 0 14 0 2822 0 0 0;
143 163 0 14 0 2822 0 0 0;
144 163 0 14 0 2822 0 0 0;
145 163 0 14 0 2822 0 0 0;
146 163 0 14 0 2822 0 0 0;
147 163 0 14 0 2822 0 0 0;
148 163 0 14 0 2822 0 0 0;
149 163 0 14 0 2822 0 0 0;
150 163 0 14 0 2822 0 0 0;
151 163 0 14 0 2822 0 0 0;
152 163 0 14 0 2822 0 0 0;
153 163 0 14 0 2822 0 0 0;
154 163 0 14 0 2822 0 0 0;
155 163 0 14 0 2822 0 0 0;
156 163 0 14 0 2822 0 0 0;
157 163 0 14 0 2822 0 0 0;
158 163 0 14 0 2822 0 0 0;
159 163 0 14 0 2822 0 0 0;
160 163 0 14 0 2822 0 0 0;
161 163 0 14 0 2822 0 0 0;
162 163 0 14 0 2822 0 0 0;
163 163 0 14 0 2822 0 0 0;
164 163 0 14 0 2822 0 0 0;
165 163 0 14 0 2822 0 0 0;
166 163 0 14 0 2822 0 0 0;
167 163 0 14 0 2822 0 0 0;
168 163 0 14 0 2822 0 0 0;
169 163 0 14 0 2822 0 0 0;
170 163 0 14 0 2822 0 0 0;
171 163 0 14 0 2822 0 0 0;
172 163 0 14 0 2822 0 0 0;
173 163 0 14 0 2822 0 0 0;
174 163 0 14 0 2822 0 0 0;
175 163 0 14 0 2822 0 0 0;
176 163 0 14 0 2822 0 0 0;
177 163 0 14 0 2822 0 0 0;
178 163 0 14 0 2822 0 0 0;
179 57 0 101 18 2822 0 0 0;
180 57 0 101 18 2822 0 0 0;
181 57 0 101 18 2822 0 0 0;
182 48 0 10 54 2887 0 0 0;
183 48 0 10 54 2887 0 0 0;
184 48 0 10 54 2887 0 0 0;
185 48 0 10 54 2887 0 0 0;
186 48 0 10 54 2887 0 0 0;
187 48 0 10 54 2887 0 0 0;
188 48 0 10 54 2887 0 0 0;
189 48 0 10 54 2887 0 0 0;
190 48 0 10 54 2887 0 0 0;
191 48 0 10 54 2887 0 0 0;
192 48 0 10 54 2887 0 0 0;
193 48 0 10 54 2887 0 0 0;
194 48 0 10 54 2887 0 0 0;
195 48 0 10 54 2887 0 0 0;
196 79 0 18 0 2901 0 0 0;
197 79 0 18 0 2901 0 0 0;
198 79 0 18 0 2901 0 0 0;
199 79 0 18 0 2901 0 0 0;
200 79 0 18 0 2901 0 0 0;
201 79 0 18 0 2901 0 0 0;
202 79 0 18 0 2901 0 0 0;
203 79 0 18 0 2901 0 0 0;
204 79 0 18 0 2901 0 0 0;
205 79 0 18 0 2901 0 0 0;
206 817 468 0 1714 0 0 0 0;
207 817 468 0 1714 0 0 0 0;
208 817 468 0 1714 0 0 0 0;
209 0 2024 0 975 0 0 0 0;
210 924 96 0 1979 0 0 0 0;
211 924 96 0 1979 0 0 0 0;
212 924 96 0 1979 0 0 0 0;
213 497 1301 0 1201 0 0 0 0;
214 130 1012 0 1856 0 0 0 0;
215 130 1012 0 1856 0 0 0 0;
216 130 1012 0 1856 0 0 0 0;
217 1637 733 0 581 48 0 0 0;
218 83 372 0 2465 79 0 0 0;
219 8 2146 0 740 104 0 0 0;
220 1170 247 0 1357 224 0 0 0;
221 1500 874 0 376 248 0 0 0;
1 447 158 0 2093 300 0 0 0;
2 1041 600 0 1037 320 0 0 0;
3 34 676 0 1848 440 0 0 0;
4 865 933 0 732 468 0 0 0;
5 1030 784 0 588 597 0 0 0;
6 434 1870 0 0 695 0 0 0;
7 314 545 0 1406 734 0 0 0;
8 587 1576 0 0 836 0 0 0;
9 617 629 0 880 873 0 0 0;
10 308 480 0 1304 906 0 0 0;
11 801 834 0 380 983 0 0 0;
12 594 829 0 543 1032 0 0 0;
13 946 791 0 187 1074 0 0 0;
14 763 1097 0 0 1138 0 0 0;
15 751 886 0 113 1249 0 0 0;
16 596 318 0 755 1328 0 0 0;
17 663 343 0 598 1393 0 0 0;
18 618 913 0 0 1467 0 0 0;
19 121 1245 0 148 1483 0 0 0;
20 661 796 0 25 1515 0 0 0;
21 515 860 0 0 1624 0 0 0;
22 518 806 0 0 1675 0 0 0;
23 590 592 0 123 1693 0 0 0;
24 360 556 0 264 1818 0 0 0;
25 81 70 0 1016 1831 0 0 0;
26 502 258 0 399 1840 0 0 0;
27 625 293 0 217 1864 0 0 0;
28 529 489 0 60 1920 0 0 0;
29 106 246 0 664 1982 0 0 0;
30 456 462 0 48 2032 0 0 0;
31 48 325 0 583 2042 0 0 0;
32 573 242 0 129 2054 0 0 0;
33 473 316 0 103 2106 0 0 0;
34 387 270 0 165 2175 0 0 0;
35 282 215 0 268 2232 0 0 0;
36 96 355 0 248 2299 0 0 0;
37 394 173 0 119 2312 0 0 0;
38 219 105 0 361 2314 0 0 0;
39 449 135 0 86 2328 0 0 0;
40 415 127 0 97 2359 0 0 0;
41 309 133 0 162 2394 0 0 0;
42 329 107 0 124 2438 0 0 0;
43 171 47 0 298 2483 0 0 0;
44 186 40 0 268 2503 0 0 0;
45 100 99 0 272 2528 0 0 0;
46 315 55 0 92 2536 0 0 0;
47 204 27 0 133 2633 0 0 0;
48 27 105 0 135 2732 0 0 0;
49 158 11 0 90 2739 0 0 0;
50 72 123 0 0 2804 0 0 0;
51 229 161 0 243 2365 0 0 0;
52 86 0 29 487 2397 0 0 0;
53 88 247 0 118 2544 0 0 0;
54 88 247 0 118 2544 0 0 0;
55 88 247 0 118 2544 0 0 0;
56 72 140 0 173 2613 0 0 0;
57 51 98 0 131 2718 0 0 0;
58 0 69 18 130 2780 0 0 0;
59 0 69 18 130 2780 0 0 0;
60 0 338 2148 512 0 0 0 0;
61 0 90 2386 457 65 0 0 0;
62 0 0 2498 382 119 0 0 0;
63 0 0 2498 382 119 0 0 0;
65 0 0 2498 382 119 0 0 0;
66 0 0 2498 382 119 0 0 0;
67 0 0 2498 382 119 0 0 0;
68 0 0 2452 365 181 0 0 0;
69 0 0 2452 365 181 0 0 0;
70 0 0 2452 365 181 0 0 0;
71 0 0 2406 346 246 0 0 0;
72 0 0 2406 346 246 0 0 0;
73 0 0 2406 346 246 0 0 0;
74 0 0 2368 322 309 0 0 0;
75 0 0 2452 365 181 0 0 0;
76 0 0 2406 346 246 0 0 0;
77 0 0 2406 346 246 0 0 0;
78 0 0 2406 346 246 0 0 0;
79 0 0 2406 346 246 0 0 0;
80 0 0 2368 322 309 0 0 0;
81 0 0 2368 322 309 0 0 0;
82 0 0 2368 322 309 0 0 0;
83 0 0 2305 233 461 0 0 0;
84 0 0 2305 233 461 0 0 0;
85 0 28 2138 113 720 0 0 0;
86 0 199 1286 504 1009 0 0 0;
87 0 0 1076 859 1063 0 0 0;
88 0 75 1568 248 1107 0 0 0;
89 0 0 1718 10 1271 0 0 0;
90 0 0 1551 150 1298 0 0 0;
91 0 0 1718 10 1271 0 0 0;
92 0 0 1551 150 1298 0 0 0;
93 0 0 1452 87 1459 0 0 0;
94 0 0 1369 101 1528 0 0 0;
95 0 0 1369 101 1528 0 0 0;
96 0 0 1369 101 1528 0 0 0;
97 0 58 1091 288 1561 0 0 0;
98 0 0 1169 176 1653 0 0 0;
99 0 0 1076 103 1820 0 0 0;
100 0 0 1043 83 1873 0 0 0;
101 0 0 1027 55 1916 0 0 0;
102 0 17 791 177 2013 0 0 0;
103 0 1 758 97 2142 0 0 0;
104 0 39 521 33 2405 0 0 0;
105 0 44 411 88 2455 0 0 0;
106 88 0 52 319 2539 0 0 0;
107 152 0 84 184 2578 0 0 0;
108 165 0 82 100 2652 0 0 0;
109 134 0 40 76 2748 0 0 0;
110 0 5 119 49 2826 0 0 0;
111 116 0 30 23 2829 0 0 0;
112 118 0 2516 364 0 0 0 0;
113 118 0 2516 364 0 0 0 0;
114 458 0 1285 1255 0 0 0 0;
115 98 0 2543 358 0 0 0 0;
116 659 0 916 1387 36 0 0 0;
117 104 0 2023 834 37 0 0 0;
118 201 0 2000 730 66 0 0 0;
119 206 0 2274 443 74 0 0 0;
120 151 0 2358 377 111 0 0 0;
121 151 0 2358 377 111 0 0 0;
122 569 0 1119 1196 113 0 0 0;
123 243 0 2107 534 115 0 0 0;
124 113 0 2407 360 118 0 0 0;
125 208 0 2255 412 123 0 0 0;
126 98 0 2450 325 125 0 0 0;
127 98 0 2450 325 125 0 0 0;
128 1333 0 379 1140 146 0 0 0;
129 69 0 2425 332 172 0 0 0;
130 69 0 2425 332 172 0 0 0;
131 69 0 2425 332 172 0 0 0;
132 315 0 1375 1110 198 0 0 0;
133 53 0 2424 319 202 0 0 0;
134 53 0 2424 319 202 0 0 0;
135 290 0 1806 690 212 0 0 0;
136 129 0 2105 545 218 0 0 0;
137 253 0 2005 516 224 0 0 0;
138 38 0 2385 311 264 0 0 0;
139 38 0 2385 311 264 0 0 0;
140 203 0 2122 396 278 0 0 0;
141 203 0 2122 396 278 0 0 0;
142 306 0 1569 839 284 0 0 0;
143 238 0 2038 437 285 0 0 0;
144 989 0 526 1187 296 0 0 0;
145 21 0 1837 841 300 0 0 0;
146 158 0 2161 371 308 0 0 0;
147 64 0 2206 420 308 0 0 0;
148 354 0 1726 607 311 0 0 0;
149 137 0 2199 338 323 0 0 0;
150 76 0 2209 366 347 0 0 0;
151 107 0 2013 518 359 0 0 0;
152 387 0 843 1404 363 0 0 0;
153 28 0 2307 279 383 0 0 0;
154 1321 0 70 1161 445 0 0 0;
155 364 0 1458 717 459 0 0 0;
156 47 0 2181 309 461 0 0 0;
157 176 0 1636 719 467 0 0 0;
158 84 0 1750 682 482 0 0 0;
159 50 0 2145 321 482 0 0 0;
160 12 0 2266 234 486 0 0 0;
161 267 0 1735 500 496 0 0 0;
162 352 0 1604 542 500 0 0 0;
163 362 0 1127 997 512 0 0 0;
164 686 0 565 1214 532 0 0 0;
165 24 0 2133 263 578 0 0 0;
166 22 0 2169 164 643 0 0 0;
167 255 0 1659 436 648 0 0 0;
168 596 0 964 786 651 0 0 0;
169 122 0 1736 488 652 0 0 0;
170 151 0 1800 359 687 0 0 0;
171 442 0 1468 383 705 0 0 0;
172 35 0 2020 231 712 0 0 0;
173 86 0 1837 343 732 0 0 0;
174 27 0 2113 123 735 0 0 0;
175 240 0 1539 478 741 0 0 0;
176 28 0 2005 221 744 0 0 0;
177 187 0 1536 473 802 0 0 0;
178 845 0 263 1084 806 0 0 0;
179 1545 0 0 622 831 0 0 0;
180 86 0 1803 278 831 0 0 0;
181 318 0 1429 407 844 0 0 0;
182 370 0 1013 767 848 0 0 0;
183 41 0 1956 138 863 0 0 0;
184 572 0 642 913 871 0 0 0;
185 164 0 1595 319 919 0 0 0;
186 401 0 1140 490 967 0 0 0;
187 20 0 1846 155 977 0 0 0;
188 45 0 1785 180 988 0 0 0;
189 206 0 884 905 1003 0 0 0;
190 136 0 1402 448 1011 0 0 0;
1 282 0 1371 328 1017 0 0 0;
2 323 0 1223 391 1061 0 0 0;
3 114 0 1580 226 1078 0 0 0;
4 72 0 1450 381 1095 0 0 0;
5 771 0 79 1041 1107 0 0 0;
6 577 0 288 1023 1110 0 0 0;
7 434 0 639 810 1115 0 0 0;
8 334 0 969 570 1124 0 0 0;
9 299 0 1184 358 1158 0 0 0;
10 1238 0 0 592 1168 0 0 0;
11 243 0 1318 259 1178 0 0 0;
12 67 0 1544 172 1215 0 0 0;
13 158 0 1192 390 1258 0 0 0;
14 341 0 814 555 1288 0 0 0;
15 43 0 1537 116 1302 0 0 0;
16 215 0 1261 211 1311 0 0 0;
17 295 0 1003 385 1316 0 0 0;
18 388 0 485 792 1333 0 0 0;
19 65 0 1292 297 1344 0 0 0;
20 140 0 853 644 1362 0 0 0;
21 147 0 1280 179 1392 0 0 0;
22 576 0 121 907 1394 0 0 0;
23 126 0 1109 349 1414 0 0 0;
24 367 0 576 587 1468 0 0 0;
25 88 0 1280 161 1468 0 0 0;
26 234 0 805 424 1535 0 0 0;
27 152 0 1024 267 1554 0 0 0;
28 459 0 145 808 1585 0 0 0;
29 152 0 1024 267 1554 0 0 0;
30 459 0 145 808 1585 0 0 0;
31 71 0 1151 111 1665 0 0 0;
32 98 0 1029 205 1667 0 0 0;
33 98 0 1029 205 1667 0 0 0;
34 317 0 389 597 1695 0 0 0;
35 119 0 325 852 1702 0 0 0;
36 198 0 708 350 1742 0 0 0;
37 132 0 785 320 1761 0 0 0;
38 79 0 891 177 1852 0 0 0;
39 52 0 937 119 1891 0 0 0;
40 322 0 84 680 1912 0 0 0;
41 124 0 513 356 2005 0 0 0;
42 463 0 0 518 2018 0 0 0;
43 203 0 276 485 2034 0 0 0;
44 375 0 0 478 2145 0 0 0;
45 56 0 658 130 2154 0 0 0;
46 181 0 141 455 2222 0 0 0;
47 210 0 0 548 2240 0 0 0;
48 298 0 0 419 2282 0 0 0;
49 38 39 0 578 2343 0 0 0;
50 290 0 0 309 2399 0 0 0;
51 55 59 0 413 2471 0 0 0;
52 171 0 0 296 2531 0 0 0;
53 231 0 0 232 2536 0 0 0;
54 72 0 230 142 2553 0 0 0;
55 129 0 0 263 2607 0 0 0;
56 86 0 267 32 2614 0 0 0;
57 185 0 0 175 2638 0 0 0;
58 185 0 0 164 2649 0 0 0;
59 185 0 0 164 2649 0 0 0;
60 185 0 0 164 2649 0 0 0;
61 127 0 0 212 2659 0 0 0;
62 138 0 0 160 2701 0 0 0;
63 138 0 0 160 2701 0 0 0;
64 138 0 0 160 2701 0 0 0;
65 42 0 0 216 2741 0 0 0;
66 49 0 0 151 2798 0 0 0;
67 49 0 0 151 2798 0 0 0;
68 0 0 0 180 2819 0 0 0;
69 0 0 0 128 2871 0 0 0;
70 1257 1742 0 0 0 0 0 0;
71 1062 1937 0 0 0 0 0 0;
72 1062 1937 0 0 0 0 0 0;
73 1003 1944 0 14 37 0 0 0;
74 1553 1397 0 8 40 0 0 0;
75 1489 847 0 597 65 0 0 0;
76 1664 936 0 274 124 0 0 0;
77 948 369 0 1455 227 0 0 0;
78 948 369 0 1455 227 0 0 0;
79 1299 763 0 567 368 0 0 0;
80 67 0 453 2000 478 0 0 0;
81 686 88 0 1722 502 0 0 0;
82 784 130 0 1575 510 0 0 0;
83 1030 1122 0 174 672 0 0 0;
84 287 363 0 1672 676 0 0 0;
85 1055 666 0 591 685 0 0 0;
86 447 1866 0 0 685 0 0 0;
87 890 1130 0 289 689 0 0 0;
88 519 1752 0 0 728 0 0 0;
89 904 1036 0 268 790 0 0 0;
90 523 1638 0 0 838 0 0 0;
91 648 362 0 1101 887 0 0 0;
92 452 1646 0 0 900 0 0 0;
93 498 1563 0 0 937 0 0 0;
94 413 1638 0 0 948 0 0 0;
95 717 534 0 787 960 0 0 0;
96 803 752 0 353 1090 0 0 0;
97 557 424 0 833 1185 0 0 0;
98 763 763 0 256 1216 0 0 0;
99 654 1124 0 0 1220 0 0 0;
100 314 1409 0 0 1276 0 0 0;
101 381 1144 0 4 1469 0 0 0;
102 0 137 34 1356 1471 0 0 0;
103 481 430 0 466 1621 0 0 0;
104 348 987 0 0 1664 0 0 0;
105 526 573 0 129 1770 0 0 0;
106 306 493 0 0 2200 0 0 0;
107 422 360 0 0 2216 0 0 0;
108 241 308 0 65 2384 0 0 0;
109 175 216 0 158 2449 0 0 0;
110 0 133 21 383 2461 0 0 0;
111 0 89 21 196 2693 0 0 0;
112 229 161 0 243 2365 0 0 0;
113 86 0 29 487 2397 0 0 0;
114 88 247 0 118 2544 0 0 0;
115 72 140 0 173 2613 0 0 0;
116 51 98 0 131 2718 0 0 0;
117 0 69 18 130 2780 0 0 0;
118 0 338 2148 512 0 0 0 0;
119 0 90 2386 457 65 0 0 0;
120 0 0 2498 382 119 0 0 0;
121 0 0 2452 365 181 0 0 0;
122 0 0 2406 346 246 0 0 0;
123 0 0 2368 322 309 0 0 0;
124 0 0 2305 233 461 0 0 0;
125 0 28 2138 113 720 0 0 0;
126 0 199 1286 504 1009 0 0 0;
127 0 0 1076 859 1063 0 0 0;
128 0 75 1568 248 1107 0 0 0;
129 0 0 1718 10 1271 0 0 0;
130 0 0 1551 150 1298 0 0 0;
131 0 0 1452 87 1459 0 0 0;
132 0 0 1369 101 1528 0 0 0;
133 0 58 1091 288 1561 0 0 0;
134 0 0 1169 176 1653 0 0 0;
135 0 0 1076 103 1820 0 0 0;
136 0 0 1043 83 1873 0 0 0;
137 0 0 1027 55 1916 0 0 0;
138 0 17 791 177 2013 0 0 0;
139 0 1 758 97 2142 0 0 0;
140 0 39 521 33 2405 0 0 0;
141 0 44 411 88 2455 0 0 0;
142 88 0 52 319 2539 0 0 0;
143 152 0 84 184 2578 0 0 0;
144 165 0 82 100 2652 0 0 0;
145 134 0 40 76 2748 0 0 0;
146 0 5 119 49 2826 0 0 0;
147 116 0 30 23 2829 0 0 0;
148 118 0 2516 364 0 0 0 0;
149 458 0 1285 1255 0 0 0 0;
150 98 0 2543 358 0 0 0 0;
151 659 0 916 1387 36 0 0 0;
152 104 0 2023 834 37 0 0 0;
153 201 0 2000 730 66 0 0 0;
154 206 0 2274 443 74 0 0 0;
155 151 0 2358 377 111 0 0 0;
156 569 0 1119 1196 113 0 0 0;
157 243 0 2107 534 115 0 0 0;
158 113 0 2407 360 118 0 0 0;
159 208 0 2255 412 123 0 0 0;
160 98 0 2450 325 125 0 0 0;
161 1333 0 379 1140 146 0 0 0;
162 69 0 2425 332 172 0 0 0;
163 315 0 1375 1110 198 0 0 0;
164 53 0 2424 319 202 0 0 0;
165 290 0 1806 690 212 0 0 0;
166 129 0 2105 545 218 0 0 0;
167 253 0 2005 516 224 0 0 0;
168 38 0 2385 311 264 0 0 0;
169 203 0 2122 396 278 0 0 0;
170 306 0 1569 839 284 0 0 0;
171 238 0 2038 437 285 0 0 0;
172 989 0 526 1187 296 0 0 0;
173 21 0 1837 841 300 0 0 0;
174 158 0 2161 371 308 0 0 0;
175 64 0 2206 420 308 0 0 0;
176 354 0 1726 607 311 0 0 0;
177 137 0 2199 338 323 0 0 0;
178 76 0 2209 366 347 0 0 0;
1 107 0 2013 518 359 0 0 0;
2 387 0 843 1404 363 0 0 0;
3 28 0 2307 279 383 0 0 0;
4 1321 0 70 1161 445 0 0 0;
5 364 0 1458 717 459 0 0 0;
6 47 0 2181 309 461 0 0 0;
7 176 0 1636 719 467 0 0 0;
8 84 0 1750 682 482 0 0 0;
9 50 0 2145 321 482 0 0 0;
10 12 0 2266 234 486 0 0 0;
11 267 0 1735 500 496 0 0 0;
12 352 0 1604 542 500 0 0 0;
13 362 0 1127 997 512 0 0 0;
14 686 0 565 1214 532 0 0 0;
15 24 0 2133 263 578 0 0 0;
16 22 0 2169 164 643 0 0 0;
17 255 0 1659 436 648 0 0 0;
18 596 0 964 786 651 0 0 0;
19 122 0 1736 488 652 0 0 0;
20 151 0 1800 359 687 0 0 0;
21 442 0 1468 383 705 0 0 0;
22 35 0 2020 231 712 0 0 0;
23 86 0 1837 343 732 0 0 0;
24 27 0 2113 123 735 0 0 0;
25 240 0 1539 478 741 0 0 0;
26 28 0 2005 221 744 0 0 0;
27 187 0 1536 473 802 0 0 0;
28 845 0 263 1084 806 0 0 0;
29 1545 0 0 622 831 0 0 0;
30 86 0 1803 278 831 0 0 0;
31 318 0 1429 407 844 0 0 0;
32 370 0 1013 767 848 0 0 0;
33 41 0 1956 138 863 0 0 0;
34 572 0 642 913 871 0 0 0;
35 164 0 1595 319 919 0 0 0;
36 401 0 1140 490 967 0 0 0;
37 20 0 1846 155 977 0 0 0;
38 45 0 1785 180 988 0 0 0;
39 206 0 884 905 1003 0 0 0;
40 136 0 1402 448 1011 0 0 0;
41 282 0 1371 328 1017 0 0 0;
42 323 0 1223 391 1061 0 0 0;
43 114 0 1580 226 1078 0 0 0;
44 72 0 1450 381 1095 0 0 0;
45 771 0 79 1041 1107 0 0 0;
46 577 0 288 1023 1110 0 0 0;
47 434 0 639 810 1115 0 0 0;
48 334 0 969 570 1124 0 0 0;
49 299 0 1184 358 1158 0 0 0;
50 1238 0 0 592 1168 0 0 0;
51 243 0 1318 259 1178 0 0 0;
52 67 0 1544 172 1215 0 0 0;
53 158 0 1192 390 1258 0 0 0;
54 341 0 814 555 1288 0 0 0;
55 43 0 1537 116 1302 0 0 0;
56 215 0 1261 211 1311 0 0 0;
57 295 0 1003 385 1316 0 0 0;
58 388 0 485 792 1333 0 0 0;
59 65 0 1292 297 1344 0 0 0;
60 140 0 853 644 1362 0 0 0;
61 147 0 1280 179 1392 0 0 0;
62 576 0 121 907 1394 0 0 0;
63 126 0 1109 349 1414 0 0 0;
64 367 0 576 587 1468 0 0 0;
65 88 0 1280 161 1468 0 0 0;
66 234 0 805 424 1535 0 0 0;
67 152 0 1024 267 1554 0 0 0;
68 459 0 145 808 1585 0 0 0;
69 71 0 1151 111 1665 0 0 0;
70 98 0 1029 205 1667 0 0 0;
71 317 0 389 597 1695 0 0 0;
72 119 0 325 852 1702 0 0 0;
73 198 0 708 350 1742 0 0 0;
74 132 0 785 320 1761 0 0 0;
75 79 0 891 177 1852 0 0 0;
76 52 0 937 119 1891 0 0 0;
77 322 0 84 680 1912 0 0 0;
78 124 0 513 356 2005 0 0 0;
79 463 0 0 518 2018 0 0 0;
80 203 0 276 485 2034 0 0 0;
81 375 0 0 478 2145 0 0 0;
82 56 0 658 130 2154 0 0 0;
83 181 0 141 455 2222 0 0 0;
84 210 0 0 548 2240 0 0 0;
85 298 0 0 419 2282 0 0 0;
86 38 39 0 578 2343 0 0 0;
87 290 0 0 309 2399 0 0 0;
88 55 59 0 413 2471 0 0 0;
89 171 0 0 296 2531 0 0 0;
90 231 0 0 232 2536 0 0 0;
91 72 0 230 142 2553 0 0 0;
92 129 0 0 263 2607 0 0 0;
93 86 0 267 32 2614 0 0 0;
94 185 0 0 175 2638 0 0 0;
95 185 0 0 164 2649 0 0 0;
96 127 0 0 212 2659 0 0 0;
97 138 0 0 160 2701 0 0 0;
98 138 0 0 160 2701 0 0 0;
99 42 0 0 216 2741 0 0 0;
100 49 0 0 151 2798 0 0 0;
101 0 0 0 180 2819 0 0 0;
102 0 0 0 128 2871 0 0 0;
103 1257 1742 0 0 0 0 0 0;
104 231 0 0 232 2536 0 0 0;
105 72 0 230 142 2553 0 0 0;
106 129 0 0 263 2607 0 0 0;
107 86 0 267 32 2614 0 0 0;
108 185 0 0 175 2638 0 0 0;
109 185 0 0 164 2649 0 0 0;
110 127 0 0 212 2659 0 0 0;
111 138 0 0 160 2701 0 0 0;
112 138 0 0 160 2701 0 0 0;
113 42 0 0 216 2741 0 0 0;
114 49 0 0 151 2798 0 0 0;
115 231 0 0 232 2536 0 0 0;
116 231 0 0 232 2536 0 0 0;
117 72 0 230 142 2553 0 0 0;
118 129 0 0 263 2607 0 0 0;
119 86 0 267 32 2614 0 0 0;
120 185 0 0 175 2638 0 0 0;
121 185 0 0 164 2649 0 0 0;
122 127 0 0 212 2659 0 0 0;
123 138 0 0 160 2701 0 0 0;
124 138 0 0 160 2701 0 0 0;
125 42 0 0 216 2741 0 0 0;
126 49 0 0 151 2798 0 0 0;
127 0 0 0 180 2819 0 0 0;
128 0 0 0 128 2871 0 0 0;
129 1257 1742 0 0 0 0 0 0;
130 1062 1937 0 0 0 0 0 0;
131 1003 1944 0 14 37 0 0 0;
132 1553 1397 0 8 40 0 0 0;
133 1489 847 0 597 65 0 0 0;
134 1664 936 0 274 124 0 0 0;
135 948 369 0 1455 227 0 0 0;
136 1299 763 0 567 368 0 0 0;
137 67 0 453 2000 478 0 0 0;
138 686 88 0 1722 502 0 0 0;
139 784 130 0 1575 510 0 0 0;
140 1030 1122 0 174 672 0 0 0;
141 287 363 0 1672 676 0 0 0;
142 1055 666 0 591 685 0 0 0;
143 447 1866 0 0 685 0 0 0;
144 890 1130 0 289 689 0 0 0;
145 519 1752 0 0 728 0 0 0;
146 904 1036 0 268 790 0 0 0;
147 523 1638 0 0 838 0 0 0;
148 648 362 0 1101 887 0 0 0;
149 452 1646 0 0 900 0 0 0;
150 498 1563 0 0 937 0 0 0;
151 413 1638 0 0 948 0 0 0;
152 717 534 0 787 960 0 0 0;
153 803 752 0 353 1090 0 0 0;
154 557 424 0 833 1185 0 0 0;
155 763 763 0 256 1216 0 0 0;
156 654 1124 0 0 1220 0 0 0;
157 314 1409 0 0 1276 0 0 0;
158 381 1144 0 4 1469 0 0 0;
159 0 137 34 1356 1471 0 0 0;
160 481 430 0 466 1621 0 0 0;
161 348 987 0 0 1664 0 0 0;
162 526 573 0 129 1770 0 0 0;
163 306 493 0 0 2200 0 0 0;
164 422 360 0 0 2216 0 0 0;
165 241 308 0 65 2384 0 0 0;
166 175 216 0 158 2449 0 0 0;
167 0 133 21 383 2461 0 0 0;
168 0 89 21 196 2693 0 0 0;
169 0 89 21 196 2693 0 0 0;
170 12 0 2266 234 486 0 0 0;
171 12 0 2266 234 486 0 0 0;
172 267 0 1735 500 496 0 0 0;
173 0 0 2368 322 309 0 0 0;
174 0 0 2305 233 461 0 0 0;
175 0 28 2138 113 720 0 0 0;
176 0 199 1286 504 1009 0 0 0;
177 0 0 1076 859 1063 0 0 0;
178 0 75 1568 248 1107 0 0 0;
179 0 0 1718 10 1271 0 0 0;
180 0 0 1551 150 1298 0 0 0;
181 0 0 1452 87 1459 0 0 0;
182 0 0 1369 101 1528 0 0 0;
183 0 58 1091 288 1561 0 0 0;
184 0 0 1169 176 1653 0 0 0;
185 0 0 1076 103 1820 0 0 0;
186 0 0 1043 83 1873 0 0 0;
187 0 0 1027 55 1916 0 0 0;
188 0 17 791 177 2013 0 0 0;
189 0 1 758 97 2142 0 0 0;
190 0 39 521 33 2405 0 0 0;
191 0 44 411 88 2455 0 0 0;
192 88 0 52 319 2539 0 0 0;
193 152 0 84 184 2578 0 0 0;
1 165 0 82 100 2652 0 0 0;
2 134 0 40 76 2748 0 0 0;
3 104 0 2023 834 37 0 0 0;
4 201 0 2000 730 66 0 0 0;
5 206 0 2274 443 74 0 0 0;
6 151 0 2358 377 111 0 0 0;
7 569 0 1119 1196 113 0 0 0;
8 243 0 2107 534 115 0 0 0;
9 113 0 2407 360 118 0 0 0;
10 208 0 2255 412 123 0 0 0;
11 98 0 2450 325 125 0 0 0;
12 1333 0 379 1140 146 0 0 0;
13 69 0 2425 332 172 0 0 0;
14 315 0 1375 1110 198 0 0 0;
15 53 0 2424 319 202 0 0 0;
16 290 0 1806 690 212 0 0 0;
17 129 0 2105 545 218 0 0 0;
18 253 0 2005 516 224 0 0 0;
19 38 0 2385 311 264 0 0 0;
20 203 0 2122 396 278 0 0 0;
21 306 0 1569 839 284 0 0 0;
22 238 0 2038 437 285 0 0 0;
23 989 0 526 1187 296 0 0 0;
24 21 0 1837 841 300 0 0 0;
25 158 0 2161 371 308 0 0 0;
26 64 0 2206 420 308 0 0 0;
27 354 0 1726 607 311 0 0 0;
28 137 0 2199 338 323 0 0 0;
29 76 0 2209 366 347 0 0 0;
30 107 0 2013 518 359 0 0 0;
31 387 0 843 1404 363 0 0 0;
32 28 0 2307 279 383 0 0 0;
33 1321 0 70 1161 445 0 0 0;
34 364 0 1458 717 459 0 0 0;
35 47 0 2181 309 461 0 0 0;
36 176 0 1636 719 467 0 0 0;
37 84 0 1750 682 482 0 0 0;
38 50 0 2145 321 482 0 0 0;
39 12 0 2266 234 486 0 0 0;
40 267 0 1735 500 496 0 0 0;
41 352 0 1604 542 500 0 0 0;
42 362 0 1127 997 512 0 0 0;
43 686 0 565 1214 532 0 0 0;
44 24 0 2133 263 578 0 0 0;
