1 165 0 82 100 2652 0 0 0;
2 134 0 40 76 2748 0 0 0;
3 104 0 2023 834 37 0 0 0;
4 201 0 2000 730 66 0 0 0;
5 206 0 2274 443 74 0 0 0;
6 151 0 2358 377 111 0 0 0;
7 569 0 1119 1196 113 0 0 0;
8 243 0 2107 534 115 0 0 0;
9 113 0 2407 360 118 0 0 0;
10 208 0 2255 412 123 0 0 0;
11 98 0 2450 325 125 0 0 0;
12 1333 0 379 1140 146 0 0 0;
13 69 0 2425 332 172 0 0 0;
14 315 0 1375 1110 198 0 0 0;
15 53 0 2424 319 202 0 0 0;
16 290 0 1806 690 212 0 0 0;
17 129 0 2105 545 218 0 0 0;
18 253 0 2005 516 224 0 0 0;
19 38 0 2385 311 264 0 0 0;
20 203 0 2122 396 278 0 0 0;
21 306 0 1569 839 284 0 0 0;
22 238 0 2038 437 285 0 0 0;
23 989 0 526 1187 296 0 0 0;
24 21 0 1837 841 300 0 0 0;
25 158 0 2161 371 308 0 0 0;
26 64 0 2206 420 308 0 0 0;
27 354 0 1726 607 311 0 0 0;
28 137 0 2199 338 323 0 0 0;
29 76 0 2209 366 347 0 0 0;
30 107 0 2013 518 359 0 0 0;
31 387 0 843 1404 363 0 0 0;
32 28 0 2307 279 383 0 0 0;
33 1321 0 70 1161 445 0 0 0;
34 364 0 1458 717 459 0 0 0;
35 47 0 2181 309 461 0 0 0;
36 176 0 1636 719 467 0 0 0;
37 84 0 1750 682 482 0 0 0;
38 50 0 2145 321 482 0 0 0;
39 12 0 2266 234 486 0 0 0;
40 267 0 1735 500 496 0 0 0;
41 352 0 1604 542 500 0 0 0;
42 362 0 1127 997 512 0 0 0;
43 686 0 565 1214 532 0 0 0;
44 24 0 2133 263 578 0 0 0;
