80 0 1752 312 934 0 0 0 0;
81 0 1752 312 934 0 0 0 0;
82 0 1841 132 1025 0 0 0 0;
83 0 1841 132 1025 0 0 0 0;
1 0 1752 312 934 0 0 0 0;
2 0 1752 312 934 0 0 0 0;
3 0 1841 132 1025 0 0 0 0;
4 0 1841 132 1025 0 0 0 0;
5 0 1523 409 1066 0 0 0 0;
6 0 1324 381 1294 0 0 0 0;
7 0 1492 319 1188 0 0 0 0;
8 0 1492 319 1188 0 0 0 0;
9 0 1546 338 1087 27 0 0 0;
10 0 1769 377 750 102 0 0 0;
11 0 986 249 1559 203 0 0 0;
12 0 1608 441 726 223 0 0 0;
13 0 814 214 1629 340 0 0 0;
14 0 923 140 1432 503 0 0 0;
15 0 803 91 1406 698 0 0 0;
1 0 2026 0 973 0 0 0 0;
2 0 508 848 1643 0 0 0 0;
3 0 889 264 1351 494 0 0 0;
4 0 535 248 635 1579 0 0 0;
5 0 337 190 433 2038 0 0 0;
6 0 57 17 106 2817 0 0 0;
7 0 1229 1179 590 0 0 0 0;
8 0 1460 1160 378 0 0 0 0;
9 0 1027 1417 555 0 0 0 0;
10 0 1153 1194 651 0 0 0 0;
11 0 795 1293 824 86 0 0 0;
12 0 647 1307 840 204 0 0 0;
13 0 392 1167 906 533 0 0 0;
14 0 400 806 776 1016 0 0 0;
15 0 387 735 592 1284 0 0 0;
16 0 366 659 437 1536 0 0 0;
17 0 296 438 313 1951 0 0 0;
18 385 0 68 2545 0 0 0 0;
19 265 0 1081 1652 0 0 0 0;
20 352 0 1003 1644 0 0 0 0;
21 294 0 395 2309 0 0 0 0;
22 277 0 1203 1518 0 0 0 0;
23 300 0 476 2010 213 0 0 0;
24 799 0 372 1304 523 0 0 0;
25 312 0 347 1808 531 0 0 0;
26 297 0 460 1304 936 0 0 0;
27 391 0 443 1063 1101 0 0 0;
28 514 0 208 944 1331 0 0 0;
29 152 0 236 1171 1438 0 0 0;
30 259 0 357 781 1600 0 0 0;
31 259 0 357 781 1600 0 0 0;
32 591 0 171 625 1612 0 0 0;
33 257 0 290 657 1794 0 0 0;
34 94 0 188 881 1835 0 0 0;
35 548 0 59 483 1908 0 0 0;
36 301 0 195 486 2016 0 0 0;
37 123 0 94 745 2035 0 0 0;
38 548 0 0 403 2048 0 0 0;
39 539 0 41 333 2085 0 0 0;
40 457 0 0 319 2222 0 0 0;
41 94 0 77 522 2305 0 0 0;
42 191 0 87 396 2324 0 0 0;
43 351 0 60 244 2343 0 0 0;
44 404 0 0 227 2368 0 0 0;
45 144 0 147 246 2461 0 0 0;
46 447 0 0 83 2469 0 0 0;
47 77 0 63 347 2511 0 0 0;
48 344 0 25 63 2567 0 0 0;
49 207 0 39 172 2581 0 0 0;
50 99 0 116 185 2597 0 0 0;
51 64 0 50 240 2644 0 0 0;
52 293 0 0 46 2660 0 0 0;
53 192 0 126 0 2680 0 0 0;
54 192 0 126 0 2680 0 0 0;
55 154 0 151 0 2694 0 0 0;
56 154 0 151 0 2694 0 0 0;
57 154 0 151 0 2694 0 0 0;
58 154 0 151 0 2694 0 0 0;
59 154 0 151 0 2694 0 0 0;
60 117 0 171 0 2711 0 0 0;
61 175 0 89 0 2735 0 0 0;
62 175 0 89 0 2735 0 0 0;
63 175 0 89 0 2735 0 0 0;
64 175 0 89 0 2735 0 0 0;
65 175 0 89 0 2735 0 0 0;
66 175 0 89 0 2735 0 0 0;
67 175 0 89 0 2735 0 0 0;
68 175 0 89 0 2735 0 0 0;
69 175 0 89 0 2735 0 0 0;
70 175 0 89 0 2735 0 0 0;
71 175 0 89 0 2735 0 0 0;
72 175 0 89 0 2735 0 0 0;
73 175 0 89 0 2735 0 0 0;
74 175 0 89 0 2735 0 0 0;
75 175 0 89 0 2735 0 0 0;
76 175 0 89 0 2735 0 0 0;
77 175 0 89 0 2735 0 0 0;
78 175 0 89 0 2735 0 0 0;
79 175 0 89 0 2735 0 0 0;
80 175 0 89 0 2735 0 0 0;
81 175 0 89 0 2735 0 0 0;
82 175 0 89 0 2735 0 0 0;
83 175 0 89 0 2735 0 0 0;
84 175 0 89 0 2735 0 0 0;
85 175 0 89 0 2735 0 0 0;
86 175 0 89 0 2735 0 0 0;
87 175 0 89 0 2735 0 0 0;
88 175 0 89 0 2735 0 0 0;
89 175 0 89 0 2735 0 0 0;
90 175 0 89 0 2735 0 0 0;
91 175 0 89 0 2735 0 0 0;
92 175 0 89 0 2735 0 0 0;
93 175 0 89 0 2735 0 0 0;
94 175 0 89 0 2735 0 0 0;
95 175 0 89 0 2735 0 0 0;
96 175 0 89 0 2735 0 0 0;
97 112 0 86 60 2740 0 0 0;
98 95 0 17 84 2802 0 0 0;
99 95 0 17 84 2802 0 0 0;
100 95 0 17 84 2802 0 0 0;
101 95 0 17 84 2802 0 0 0;
102 95 0 17 84 2802 0 0 0;
103 95 0 17 84 2802 0 0 0;
104 95 0 17 84 2802 0 0 0;
105 95 0 17 84 2802 0 0 0;
106 95 0 17 84 2802 0 0 0;
107 95 0 17 84 2802 0 0 0;
108 95 0 17 84 2802 0 0 0;
109 95 0 17 84 2802 0 0 0;
110 165 0 13 15 2805 0 0 0;
111 165 0 13 15 2805 0 0 0;
112 165 0 13 15 2805 0 0 0;
113 165 0 13 15 2805 0 0 0;
114 165 0 13 15 2805 0 0 0;
115 165 0 13 15 2805 0 0 0;
116 165 0 13 15 2805 0 0 0;
117 165 0 13 15 2805 0 0 0;
118 165 0 13 15 2805 0 0 0;
119 165 0 13 15 2805 0 0 0;
120 165 0 13 15 2805 0 0 0;
121 165 0 13 15 2805 0 0 0;
122 165 0 13 15 2805 0 0 0;
123 165 0 13 15 2805 0 0 0;
124 165 0 13 15 2805 0 0 0;
125 165 0 13 15 2805 0 0 0;
126 165 0 13 15 2805 0 0 0;
127 165 0 13 15 2805 0 0 0;
128 165 0 13 15 2805 0 0 0;
129 165 0 13 15 2805 0 0 0;
130 165 0 13 15 2805 0 0 0;
131 165 0 13 15 2805 0 0 0;
132 165 0 13 15 2805 0 0 0;
133 165 0 13 15 2805 0 0 0;
134 165 0 13 15 2805 0 0 0;
135 165 0 13 15 2805 0 0 0;
136 165 0 13 15 2805 0 0 0;
137 165 0 13 15 2805 0 0 0;
138 165 0 13 15 2805 0 0 0;
139 165 0 13 15 2805 0 0 0;
140 163 0 14 0 2822 0 0 0;
141 163 0 14 0 2822 0 0 0;
142 163 0 14 0 2822 0 0 0;
143 163 0 14 0 2822 0 0 0;
144 163 0 14 0 2822 0 0 0;
145 163 0 14 0 2822 0 0 0;
146 163 0 14 0 2822 0 0 0;
147 163 0 14 0 2822 0 0 0;
148 163 0 14 0 2822 0 0 0;
149 163 0 14 0 2822 0 0 0;
150 163 0 14 0 2822 0 0 0;
151 163 0 14 0 2822 0 0 0;
152 163 0 14 0 2822 0 0 0;
153 163 0 14 0 2822 0 0 0;
154 163 0 14 0 2822 0 0 0;
155 163 0 14 0 2822 0 0 0;
156 163 0 14 0 2822 0 0 0;
157 163 0 14 0 2822 0 0 0;
158 163 0 14 0 2822 0 0 0;
159 163 0 14 0 2822 0 0 0;
160 163 0 14 0 2822 0 0 0;
161 163 0 14 0 2822 0 0 0;
162 163 0 14 0 2822 0 0 0;
163 163 0 14 0 2822 0 0 0;
164 163 0 14 0 2822 0 0 0;
165 163 0 14 0 2822 0 0 0;
166 163 0 14 0 2822 0 0 0;
167 163 0 14 0 2822 0 0 0;
168 163 0 14 0 2822 0 0 0;
169 163 0 14 0 2822 0 0 0;
170 163 0 14 0 2822 0 0 0;
171 163 0 14 0 2822 0 0 0;
172 163 0 14 0 2822 0 0 0;
173 163 0 14 0 2822 0 0 0;
174 163 0 14 0 2822 0 0 0;
175 163 0 14 0 2822 0 0 0;
176 163 0 14 0 2822 0 0 0;
177 163 0 14 0 2822 0 0 0;
178 163 0 14 0 2822 0 0 0;
179 57 0 101 18 2822 0 0 0;
180 57 0 101 18 2822 0 0 0;
181 57 0 101 18 2822 0 0 0;
182 48 0 10 54 2887 0 0 0;
183 48 0 10 54 2887 0 0 0;
184 48 0 10 54 2887 0 0 0;
185 48 0 10 54 2887 0 0 0;
186 48 0 10 54 2887 0 0 0;
187 48 0 10 54 2887 0 0 0;
188 48 0 10 54 2887 0 0 0;
189 48 0 10 54 2887 0 0 0;
190 48 0 10 54 2887 0 0 0;
191 48 0 10 54 2887 0 0 0;
192 48 0 10 54 2887 0 0 0;
193 48 0 10 54 2887 0 0 0;
194 48 0 10 54 2887 0 0 0;
195 48 0 10 54 2887 0 0 0;
196 79 0 18 0 2901 0 0 0;
197 79 0 18 0 2901 0 0 0;
198 79 0 18 0 2901 0 0 0;
199 79 0 18 0 2901 0 0 0;
200 79 0 18 0 2901 0 0 0;
201 79 0 18 0 2901 0 0 0;
202 79 0 18 0 2901 0 0 0;
203 79 0 18 0 2901 0 0 0;
204 79 0 18 0 2901 0 0 0;
205 79 0 18 0 2901 0 0 0;
206 817 468 0 1714 0 0 0 0;
207 817 468 0 1714 0 0 0 0;
208 817 468 0 1714 0 0 0 0;
209 0 2024 0 975 0 0 0 0;
210 924 96 0 1979 0 0 0 0;
211 924 96 0 1979 0 0 0 0;
212 924 96 0 1979 0 0 0 0;
213 497 1301 0 1201 0 0 0 0;
214 130 1012 0 1856 0 0 0 0;
215 130 1012 0 1856 0 0 0 0;
216 130 1012 0 1856 0 0 0 0;
217 1637 733 0 581 48 0 0 0;
218 83 372 0 2465 79 0 0 0;
219 8 2146 0 740 104 0 0 0;
220 1170 247 0 1357 224 0 0 0;
221 1500 874 0 376 248 0 0 0;
1 447 158 0 2093 300 0 0 0;
2 1041 600 0 1037 320 0 0 0;
3 34 676 0 1848 440 0 0 0;
4 865 933 0 732 468 0 0 0;
5 1030 784 0 588 597 0 0 0;
6 434 1870 0 0 695 0 0 0;
7 314 545 0 1406 734 0 0 0;
8 587 1576 0 0 836 0 0 0;
9 617 629 0 880 873 0 0 0;
10 308 480 0 1304 906 0 0 0;
11 801 834 0 380 983 0 0 0;
12 594 829 0 543 1032 0 0 0;
13 946 791 0 187 1074 0 0 0;
14 763 1097 0 0 1138 0 0 0;
15 751 886 0 113 1249 0 0 0;
16 596 318 0 755 1328 0 0 0;
17 663 343 0 598 1393 0 0 0;
18 618 913 0 0 1467 0 0 0;
19 121 1245 0 148 1483 0 0 0;
20 661 796 0 25 1515 0 0 0;
21 515 860 0 0 1624 0 0 0;
22 518 806 0 0 1675 0 0 0;
23 590 592 0 123 1693 0 0 0;
24 360 556 0 264 1818 0 0 0;
25 81 70 0 1016 1831 0 0 0;
26 502 258 0 399 1840 0 0 0;
27 625 293 0 217 1864 0 0 0;
28 529 489 0 60 1920 0 0 0;
29 106 246 0 664 1982 0 0 0;
30 456 462 0 48 2032 0 0 0;
31 48 325 0 583 2042 0 0 0;
32 573 242 0 129 2054 0 0 0;
33 473 316 0 103 2106 0 0 0;
34 387 270 0 165 2175 0 0 0;
35 282 215 0 268 2232 0 0 0;
36 96 355 0 248 2299 0 0 0;
37 394 173 0 119 2312 0 0 0;
38 219 105 0 361 2314 0 0 0;
39 449 135 0 86 2328 0 0 0;
40 415 127 0 97 2359 0 0 0;
41 309 133 0 162 2394 0 0 0;
42 329 107 0 124 2438 0 0 0;
43 171 47 0 298 2483 0 0 0;
44 186 40 0 268 2503 0 0 0;
45 100 99 0 272 2528 0 0 0;
46 315 55 0 92 2536 0 0 0;
47 204 27 0 133 2633 0 0 0;
48 27 105 0 135 2732 0 0 0;
49 158 11 0 90 2739 0 0 0;
50 72 123 0 0 2804 0 0 0;
